Running measurements with params: format=['o', 'fd', 'fod'], dataset_name=solar_4_seconds_dataset
values
values stationary with d=0.0 stat windows =34 out of 35 p-values = [0.00017158334684157787, 0.00015358889912658988, 5.277921449859941e-08, 0.03156260430673197, 7.934970790913792e-08, 2.1176628578079915e-08, 0.0009085727824750568, 2.4842607518884595e-05, 6.332854043035719e-11, 4.581644292060058e-06, 0.006131675431793802, 1.8390707336458968e-08, 2.3355132494969693e-05, 6.235955468201827e-13, 1.867299363774481e-09, 7.138088573109884e-08, 2.6933784761927767e-07, 3.0230090180032706e-08, 2.772669826610403e-09, 4.16437951141792e-07, 3.0203910021710316e-08, 1.5828002625601622e-06, 5.09503415524563e-10, 4.591961307002691e-07, 4.682087071428798e-08, 1.1427080151669923e-07, 9.57041574224173e-09, 1.5135728362605894e-06, 2.284209203785572e-05, 3.3542440769286783e-05, 2.809554928035329e-07, 9.055309462056851e-05, 5.093256210726446e-08, 0.005312770679971958, 0.7077799607400114]
rolling_mean_2
rolling_mean_2 stationary with d=0.0 stat windows =34 out of 35 p-values = [0.00016483563489446947, 0.00015270565024634366, 5.46932229829814e-08, 0.031739873658457304, 7.72128319281588e-08, 4.3838459341167243e-10, 0.0009262856222446686, 3.567357407996182e-05, 6.66458012934157e-11, 5.165580422871093e-06, 0.006470181008045671, 2.2008971349969224e-08, 2.589811583608923e-05, 5.923902882812375e-13, 3.5894660260150457e-09, 7.128171941736682e-08, 2.6559488869334187e-07, 2.888735396230416e-08, 2.657143852161381e-09, 4.3182567582884054e-07, 5.577654905917854e-07, 1.6118541014092368e-06, 3.78345048717522e-10, 3.7549535393106997e-07, 5.6653043531456696e-08, 1.4785436097919685e-07, 1.6141291627737807e-08, 1.9093061546315954e-06, 2.3237419870808966e-05, 3.291184257046153e-05, 2.938538053736073e-07, 9.015076198385796e-05, 7.762447773688009e-08, 0.004223588879398559, 0.705893301008844]
rolling_sum_2
rolling_sum_2 stationary with d=0.0 stat windows =34 out of 35 p-values = [0.00016483563489504545, 0.00015270565024742087, 5.4693222983746934e-08, 0.03173987365848479, 7.721283192830702e-08, 4.38384593445842e-10, 0.0009262856222437447, 3.567357407994461e-05, 6.664580129339025e-11, 5.165580422957887e-06, 0.006470181008065416, 2.2008971349994662e-08, 2.589811583593093e-05, 5.923902882823571e-13, 3.5894660260138645e-09, 7.128171941737783e-08, 2.6559488869269654e-07, 2.8887353965212002e-08, 2.6571438521561904e-09, 4.3182567582895843e-07, 5.577654905911141e-07, 1.6118541011111773e-06, 3.7834504871805934e-10, 3.754953539612262e-07, 5.665304353128685e-08, 1.478543609791762e-07, 1.614129162777426e-08, 1.9093061546339023e-06, 2.3237419870641633e-05, 3.2911842569870655e-05, 2.9385380537378604e-07, 9.015076199153257e-05, 7.762447773709411e-08, 0.004223588879470976, 0.7058933010090034]
rolling_min_2
rolling_min_2 stationary with d=0.0 stat windows =34 out of 35 p-values = [0.0001609638940900216, 0.00029536517057335656, 6.590312278376995e-08, 0.02966133818144285, 7.587153177252151e-08, 1.9787351957134905e-08, 0.0007442764219740389, 2.9406254755448805e-05, 5.6498430779115645e-11, 5.403023622237829e-06, 0.006013768570111651, 1.5830869925625623e-08, 2.24275885945954e-05, 5.068999640444859e-12, 4.036898372209833e-09, 5.5610611903028574e-08, 8.805682209114953e-07, 6.076798014417812e-08, 2.8797350694124664e-09, 4.720653995803383e-07, 7.425027764903537e-07, 1.8438544245039195e-06, 4.2045633574437014e-10, 8.721148195461022e-07, 3.555288231929312e-08, 1.0433085095749679e-07, 1.5174653673836488e-08, 1.800518398313989e-06, 1.9261733416346793e-05, 3.0435772195898047e-05, 2.846124465940304e-07, 9.23632051510859e-05, 5.909015205867594e-08, 0.005554082107949303, 0.7169808536262405]
rolling_max_2
rolling_max_2 stationary with d=0.0 stat windows =34 out of 35 p-values = [0.00015612444400591347, 0.0003077758645376761, 9.580793064934886e-08, 0.03547180223762216, 1.273772251901513e-07, 3.6193089524028696e-08, 0.0006778882484822729, 2.7660589072353023e-05, 7.935255456544529e-11, 2.320576512026055e-06, 0.00520280499482597, 2.0910766664257795e-08, 2.4875978198805955e-05, 6.606407251166729e-12, 4.2400510617562515e-09, 5.540734303786006e-08, 1.0223594632975436e-06, 6.148638330503349e-08, 2.5275622487843594e-09, 4.4604677551974466e-07, 7.272134449878327e-07, 2.8020197299046853e-06, 5.153339429903471e-10, 8.796217001564666e-07, 3.8663899254141514e-08, 1.3125472617635565e-07, 1.6766196791293467e-08, 1.901113453259542e-06, 4.283120651515106e-05, 3.3689528240849787e-05, 2.7677456272324135e-07, 9.084844840158495e-05, 5.0967087877010595e-08, 0.005333809241297924, 0.7097198047668545]
rolling_std_2
rolling_std_2 stationary with d=0.0 stat windows =35 out of 35 p-values = [0.0, 0.0, 0.0, 0.0, 0.0, 0.0, 0.0, 2.6172598073728313e-30, 0.0, 0.0, 0.0, 0.0, 0.0, 0.0, 0.0, 0.0, 0.0, 0.0, 0.0, 0.0, 0.0, 0.0, 0.0, 0.0, 0.0, 0.0, 0.0, 0.0, 0.0, 2.4000707672313022e-30, 2.5592515107229676e-29, 2.0744681782108793e-30, 0.0, 0.0, 0.0]
rolling_mean_3
rolling_mean_3 stationary with d=0.0 stat windows =34 out of 35 p-values = [0.0001855965108297074, 0.00025511625260686143, 5.698714088578489e-08, 0.034755910507776655, 9.550241956270002e-08, 1.7457483937020686e-08, 0.0006828864605199974, 4.291981547461837e-05, 8.142924213950953e-11, 3.4873242055246586e-06, 0.005978463830483221, 2.6319126338409183e-08, 2.4354047978086047e-05, 8.567750807192262e-12, 6.348728980759724e-09, 1.0535634734672478e-07, 3.892754947707952e-07, 5.185250123921812e-08, 5.4910740661173865e-09, 5.677070963036613e-07, 6.729247249131343e-07, 2.023248456985793e-06, 5.695002331639305e-10, 6.89977379754424e-07, 4.7759042223527877e-08, 1.37545047572003e-07, 1.805659784689547e-08, 2.464025211543642e-06, 2.3196661331511454e-05, 3.218755435120209e-05, 2.5634725819603645e-07, 8.861814652786394e-05, 1.207972275590391e-07, 0.005280304083699814, 0.7121777188443589]
rolling_sum_3
rolling_sum_3 stationary with d=0.0 stat windows =34 out of 35 p-values = [0.00018559651083060314, 0.0002551162526093678, 5.6987140887254966e-08, 0.034755910507829016, 9.550241956268444e-08, 1.7457483937029163e-08, 0.0006828864605203531, 4.291981547470305e-05, 8.14292421394494e-11, 3.4873242056507323e-06, 0.005978463830507071, 2.6319126338364853e-08, 2.4354047977666627e-05, 8.567750807175824e-12, 6.348728980762113e-09, 1.0535634734660504e-07, 3.8927549476984497e-07, 5.185250122597316e-08, 5.491074066095727e-09, 5.677070963052679e-07, 6.729247249147314e-07, 2.0232484565006083e-06, 5.695002331632728e-10, 6.899773798446206e-07, 4.775904222363219e-08, 1.3754504757200835e-07, 1.805659784691938e-08, 2.4640252115382764e-06, 2.3196661331066355e-05, 3.218755435011024e-05, 2.563472581937268e-07, 8.861814654139527e-05, 1.2079722755884078e-07, 0.005280304083845121, 0.712177718844414]
rolling_min_3
rolling_min_3 stationary with d=0.0 stat windows =34 out of 35 p-values = [0.0001736539585965384, 0.00031244204389255773, 9.59925582975008e-08, 0.025210549277992756, 7.267599359888434e-08, 5.78734636448915e-08, 0.0007238331121043742, 2.9877041612407807e-05, 7.241217120419312e-11, 4.04479120135917e-06, 0.004937042876367807, 1.4610736493687817e-08, 2.4572977124411183e-05, 8.1752514713388e-12, 2.321840437554486e-09, 4.9239165570303946e-08, 3.5635158838119847e-07, 6.612142284531058e-08, 4.025211183798685e-09, 4.123041900386118e-07, 7.822551398312653e-07, 2.1109557488006594e-06, 5.541016455431281e-10, 6.76221979202101e-07, 4.969933371977771e-08, 9.368131773962213e-08, 9.778509324607106e-09, 1.9957074320487045e-06, 5.417580463489525e-05, 3.189822828452731e-05, 3.1079268761619037e-07, 8.024777137705057e-05, 6.374437609207132e-08, 0.005531746991830949, 0.718803224418757]
rolling_max_3
rolling_max_3 stationary with d=0.0 stat windows =34 out of 35 p-values = [0.00016419507835445843, 0.00019314281352664708, 9.253303588234692e-08, 0.03202238601540879, 1.1528213727867263e-07, 1.7347808990282675e-08, 0.0006980240220815424, 2.903515993674047e-05, 7.13557174297386e-11, 1.8683950084306642e-06, 0.005938739517962805, 2.140302074175392e-08, 2.6027347624256058e-05, 1.1133985526948244e-11, 3.917931299504706e-09, 7.120114829528381e-08, 1.08616891252871e-06, 8.468654827786972e-08, 5.26934682588294e-09, 4.4005926397833884e-07, 7.750487591817023e-07, 2.5815672567544715e-06, 7.108118773320774e-10, 7.906981468706324e-07, 4.617453128238468e-08, 1.1605229827745305e-07, 1.0897895035491889e-08, 2.2649236891322764e-06, 4.6860867549611795e-05, 3.746043388824684e-05, 2.646116336695988e-07, 9.375263891838847e-05, 6.254509691957802e-08, 0.004863247726046475, 0.7282197709861565]
rolling_std_3
rolling_std_3 stationary with d=0.0 stat windows =35 out of 35 p-values = [5.54485064315513e-30, 2.2881180577317013e-30, 0.0, 0.0, 0.0, 0.0, 0.0, 3.535574198772212e-30, 0.0, 0.0, 0.0, 0.0, 0.0, 0.0, 0.0, 0.0, 0.0, 0.0, 0.0, 0.0, 0.0, 0.0, 0.0, 0.0, 0.0, 0.0, 0.0, 2.0367291644529634e-30, 0.0, 3.7218154710149635e-30, 4.98480165109987e-29, 2.5174995941995577e-30, 0.0, 0.0, 0.0]
rolling_mean_4
rolling_mean_4 stationary with d=0.0 stat windows =34 out of 35 p-values = [0.0001838277022082527, 0.00028531239784338293, 6.321001924496347e-08, 0.04649865449920935, 9.509838762742929e-08, 4.600476946705437e-08, 0.000810605636710341, 4.9433449845770686e-05, 7.163929881276471e-11, 3.670339449644284e-06, 0.006242090809817493, 3.616332952692162e-08, 3.191273880502938e-05, 1.350814917186011e-11, 8.392720563066268e-09, 1.5722741473553853e-07, 3.0854634430729023e-07, 9.504670315517866e-08, 5.373461729194376e-09, 3.843383282990958e-07, 1.1977389138392504e-06, 2.8580530221530418e-06, 7.860534064575451e-10, 1.2378256465720815e-06, 7.343162918881598e-08, 1.53285628406604e-07, 1.626034474713241e-08, 3.818212333395007e-06, 2.0115502131202706e-05, 3.3380354728535115e-05, 2.445040496537254e-07, 0.00013823280171624262, 2.1225661788495893e-07, 0.005499042634651402, 0.693455701208677]
rolling_sum_4
rolling_sum_4 stationary with d=0.0 stat windows =34 out of 35 p-values = [0.00018382770220932987, 0.0002853123978481223, 6.321001924692147e-08, 0.04649865449926765, 9.50983876274094e-08, 4.600476946706196e-08, 0.0008106056367116728, 4.9433449845861854e-05, 7.163929881276835e-11, 3.6703394497951163e-06, 0.006242090809845381, 3.616332952693768e-08, 3.19127388045415e-05, 1.350814917184776e-11, 8.392720563051117e-09, 1.5722741473612428e-07, 3.0854634430662383e-07, 9.504670315500206e-08, 5.373461729195007e-09, 3.843383282989372e-07, 1.197738913843337e-06, 2.8580530221438286e-06, 7.860534064565307e-10, 1.2378256467755653e-06, 7.34316291888385e-08, 1.5328562840686864e-07, 1.626034474715052e-08, 3.818212333389396e-06, 2.0115502130853583e-05, 3.338035472786886e-05, 2.4450404965309583e-07, 0.0001382328017417997, 2.1225661788518252e-07, 0.005499042634833658, 0.6934557012086268]
rolling_min_4
rolling_min_4 stationary with d=0.0 stat windows =34 out of 35 p-values = [6.981942592536634e-05, 0.00021010641300959785, 3.178512965043422e-07, 0.03903587984019647, 7.012427761042255e-08, 2.6583182653626763e-08, 0.0005539064919235141, 2.9830103759260977e-05, 6.703077839581733e-11, 4.733965523582943e-06, 0.006340155643189248, 1.1998689117300839e-08, 2.5510950661031475e-05, 8.289691030834362e-12, 4.222178493070068e-09, 4.813546560715408e-08, 4.5560210904385476e-07, 7.20313963448972e-08, 3.484721409829129e-09, 5.122925123876274e-07, 4.589632717443586e-07, 2.274611291718431e-06, 5.022858317740528e-10, 6.926609031128479e-07, 4.389781580279803e-08, 8.398005075577813e-08, 1.1828537517740906e-08, 2.324846730110387e-06, 6.016095552566411e-05, 3.5245664492658115e-05, 4.42983994405711e-07, 9.00183823606883e-05, 8.30988242207673e-08, 0.004596868803874696, 0.686325674520367]
rolling_max_4
rolling_max_4 stationary with d=0.0 stat windows =34 out of 35 p-values = [0.00018881384664404813, 0.00018329558549290555, 8.708215738450289e-08, 0.03259139936211786, 1.3115407544393176e-07, 4.325506451747887e-10, 0.0006699866110884247, 2.724899327208409e-05, 6.244389211223647e-11, 1.9991156074323964e-06, 0.005139085948652642, 2.2716584799122756e-08, 2.6857601000548157e-05, 1.1093080666589083e-11, 4.838393762594538e-09, 7.989228078230963e-08, 1.1908988837152301e-06, 8.469668581244611e-08, 5.136413334086903e-09, 3.687287894717835e-07, 9.096843199471813e-07, 2.911420906673548e-06, 8.576114187284551e-10, 7.2135785423011e-07, 4.558531274022128e-08, 1.1521927840123125e-07, 1.6582645973119644e-08, 2.619517876709466e-06, 5.1648483713191495e-05, 3.536360080808355e-05, 2.2014672493576602e-07, 9.327460960183466e-05, 7.001847342611134e-08, 0.005014664488451244, 0.7429264184065443]
rolling_std_4
rolling_std_4 stationary with d=0.0 stat windows =35 out of 35 p-values = [1.2412226748016872e-29, 2.8882723584876812e-30, 0.0, 0.0, 0.0, 0.0, 0.0, 3.500149326998726e-30, 0.0, 0.0, 0.0, 0.0, 0.0, 0.0, 0.0, 0.0, 0.0, 0.0, 0.0, 0.0, 0.0, 0.0, 0.0, 0.0, 0.0, 0.0, 0.0, 2.1431061816449506e-30, 0.0, 4.92694964326504e-30, 8.31990159454245e-29, 3.0419086101582805e-30, 0.0, 0.0, 0.0]
rolling_mean_5
rolling_mean_5 stationary with d=0.0 stat windows =34 out of 35 p-values = [0.00018480627852459516, 0.00024816249319399027, 6.585063369241913e-08, 0.037196949229028844, 5.766615785647933e-09, 2.1463041949699728e-08, 0.0008158473828321825, 3.775180450548759e-05, 6.258077383049397e-11, 3.766479108570944e-06, 0.0052066716141134775, 4.610581996721743e-08, 2.6558634571497534e-05, 1.2817307925651605e-11, 7.946169645458303e-09, 1.548860902172867e-07, 9.259277960040803e-08, 8.308118855166316e-08, 9.270984984940642e-11, 3.7707770816139793e-07, 1.1159636622279744e-06, 2.2606816630347723e-06, 6.725697071525651e-10, 9.77747497401576e-07, 6.340199588800935e-08, 1.3607073777059627e-07, 1.0884661602574933e-08, 3.850652208784743e-06, 6.890131218835977e-05, 3.045950214444788e-05, 2.351571867788833e-07, 8.816673735139139e-05, 1.839669025646137e-07, 0.003641965613284676, 0.7027055460176008]
rolling_sum_5
rolling_sum_5 stationary with d=0.0 stat windows =34 out of 35 p-values = [0.0001848062785256031, 0.00024816249319894784, 6.58506336941903e-08, 0.037196949229145904, 5.766615785643717e-09, 2.146304194962954e-08, 0.0008158473828328036, 3.775180450572471e-05, 6.258077383031698e-11, 3.766479108690988e-06, 0.005206671614179199, 4.610581996718358e-08, 2.6558634570962053e-05, 1.2817307925719474e-11, 7.946169645454931e-09, 1.5488609021799257e-07, 9.259277967182952e-08, 8.308118855138917e-08, 9.270984988063961e-11, 3.77077708161804e-07, 1.1159636622248016e-06, 2.260681663036172e-06, 6.725697071585538e-10, 9.777474976031298e-07, 6.340199588811836e-08, 1.3607073777112905e-07, 1.0884661602564353e-08, 3.850652208770407e-06, 6.890131219647848e-05, 3.0459502143230623e-05, 2.3515718677923884e-07, 8.816673737381035e-05, 1.8396690256497835e-07, 0.0036419656133584413, 0.7027055460177343]
rolling_min_5
rolling_min_5 stationary with d=0.0 stat windows =34 out of 35 p-values = [6.497681563535607e-05, 0.00029461739037299717, 8.113053411054378e-07, 0.043627624517092, 7.433085600519922e-08, 3.4941071144359945e-08, 0.00045529819220258027, 3.0113809784522493e-05, 8.282799726321747e-11, 5.56833598816488e-06, 0.0064620137968549474, 1.276286310378461e-08, 2.356346541681586e-05, 5.891822709187059e-12, 3.196812331916018e-09, 3.678236250032576e-08, 5.794333765352727e-07, 4.454475930258944e-08, 2.7360781468352005e-09, 5.26185658307266e-07, 7.206285188689751e-07, 1.9592187567314486e-06, 4.095737035376961e-10, 7.22926489812066e-07, 4.878134949938817e-08, 8.331193426819081e-08, 1.1512156139345616e-08, 2.5120644975655837e-06, 0.00010200781376962097, 4.014664969316435e-05, 4.668830194853737e-07, 9.74505885882827e-05, 1.3579588568973873e-07, 0.005729249005892568, 0.6635567477630641]
rolling_max_5
rolling_max_5 stationary with d=0.0 stat windows =34 out of 35 p-values = [0.0002530807355326927, 0.0002972392215446726, 9.171587927548926e-08, 0.03867028710888523, 1.9932996134825422e-07, 9.43994408802628e-08, 0.0006617452272981914, 2.0808563548024257e-05, 7.129864569108225e-11, 2.1280900895504e-06, 0.0052784246157053126, 1.590101027841646e-08, 1.72609556494335e-05, 7.083978296924547e-12, 4.3756660548830565e-09, 7.806749827766494e-08, 9.1309075916422e-07, 4.9160287744628894e-08, 5.327688551674801e-09, 4.333188629357154e-07, 8.618176610340347e-07, 3.7843714848650964e-06, 6.49531451733945e-10, 8.170591895258469e-07, 4.744632800922364e-08, 9.904418836137642e-09, 1.8779423045491077e-08, 2.214687397566164e-06, 3.573409596130225e-05, 2.6028947702622154e-05, 1.8135143238055234e-07, 9.632862098043243e-05, 7.604861997547797e-08, 0.004865752825142802, 0.7352460187421764]
rolling_std_5
rolling_std_5 stationary with d=0.0 stat windows =35 out of 35 p-values = [1.8964495349640802e-29, 3.0714179186452043e-30, 0.0, 0.0, 0.0, 0.0, 0.0, 3.906195087101165e-30, 0.0, 0.0, 0.0, 0.0, 0.0, 0.0, 0.0, 0.0, 0.0, 0.0, 0.0, 0.0, 0.0, 0.0, 0.0, 0.0, 0.0, 0.0, 0.0, 2.383728656128752e-30, 0.0, 6.097009770900762e-30, 8.911066749145922e-29, 3.5127855378565925e-30, 0.0, 0.0, 0.0]
lag_1
lag_1 stationary with d=0.0 stat windows =34 out of 35 p-values = [0.0001725494932812481, 0.000154226188534153, 5.012382391604925e-08, 0.03148500876310699, 8.301124988977635e-08, 1.8401116321659734e-08, 0.0007076084502295213, 2.3633441792114423e-05, 7.484087800641954e-11, 3.7000380612193896e-06, 0.006302036201965434, 1.8161790791853403e-08, 2.3379501133162478e-05, 6.282850022180922e-13, 1.866911181093511e-09, 7.124505050470357e-08, 2.726284050310883e-07, 3.040706580177263e-08, 2.7710545117542117e-09, 4.1306040034445007e-07, 3.0069891517857765e-08, 1.5790968199534345e-06, 5.251436529735609e-10, 4.5631197413457374e-07, 4.8591216054025956e-08, 1.1168840563405467e-07, 1.3653632499743501e-08, 1.5161231152320664e-06, 2.234718924674281e-05, 3.341312806787417e-05, 2.824549493551512e-07, 9.075483160866438e-05, 5.352548008562596e-08, 0.005350352111951519, 0.6821902136399931]
lag_2
lag_2 stationary with d=0.0 stat windows =34 out of 35 p-values = [0.00017110222464002903, 0.00015356049225891355, 5.301092617323966e-08, 0.03138700937858011, 1.0277687270486292e-07, 1.769266316919505e-08, 0.0008270947233885977, 2.3451550149220748e-05, 7.323824169003888e-11, 5.28449286377238e-06, 0.006216872299512432, 1.8725025549544523e-08, 2.3355237993938524e-05, 5.887145677337026e-13, 1.8184775103727613e-09, 7.02811380611164e-08, 2.7748370318580764e-07, 3.152216167921101e-08, 2.7733726313851067e-09, 4.5460876535348833e-07, 2.984388330618786e-08, 1.28156696740201e-06, 5.21883239189722e-10, 4.443436685768693e-07, 4.962384931090241e-08, 1.1586311697013935e-07, 1.4821881665890543e-08, 1.5120882394830386e-06, 2.2631148067275276e-05, 3.3261870743064714e-05, 2.89270378511489e-07, 9.019576389253183e-05, 5.267137051997411e-08, 0.004857379331688362, 0.6871232285534784]
lag_3
lag_3 stationary with d=0.0 stat windows =34 out of 35 p-values = [0.00017028707810964872, 0.00013564740477880552, 5.799653786051086e-08, 0.03156213453562024, 9.925203093845174e-08, 1.8384327432544868e-08, 0.0008316200081157553, 2.33071544393366e-05, 6.431968508620926e-11, 3.468229140409227e-06, 0.006150090367321529, 1.846074425454591e-08, 2.351240037857716e-05, 5.720782933368511e-13, 1.800293778996871e-09, 7.050697087277366e-08, 2.8834370274061563e-07, 3.156198493436692e-08, 1.9006207455856045e-09, 3.9953161341717157e-07, 2.965982123871087e-08, 1.2880235317131415e-06, 5.243302751469714e-10, 4.3767189103739524e-07, 4.433066412052402e-08, 1.1526579366573567e-07, 1.3983379491825984e-08, 1.505550524509655e-06, 2.0013562391336432e-05, 3.3002030429577715e-05, 2.9894536133945827e-07, 9.034006622482732e-05, 4.7569628759684536e-08, 0.005219540635448503, 0.7242424719312849]
lag_4
lag_4 stationary with d=0.0 stat windows =34 out of 35 p-values = [0.0001699838333302345, 0.00013641448469647402, 6.439917761131722e-08, 0.0318297055398802, 7.533928033234551e-08, 1.78291241836357e-08, 0.0007802297529647536, 2.5659234553474265e-05, 6.160146667545967e-11, 5.699360894460947e-06, 0.0063047145826686775, 1.8384019343282516e-08, 2.367287342796837e-05, 5.516977484167648e-13, 1.8183795992527926e-09, 7.036720480597797e-08, 2.6194534646110286e-07, 3.1589755042160216e-08, 3.520297130907565e-09, 4.526617479045489e-07, 3.038439932106825e-08, 1.5743875822946624e-06, 5.262626150916699e-10, 4.3414137833098513e-07, 4.4294183356291904e-08, 1.1817673067517853e-07, 1.3026681952649393e-08, 1.504842482498273e-06, 2.469913641128614e-05, 3.267979497438421e-05, 3.0162150655349175e-07, 9.068406914530495e-05, 4.4933889770956926e-08, 0.004128776702047694, 0.7435193807026419]
difference
difference stationary with d=0.0 stat windows =35 out of 35 p-values = [0.0, 0.0, 0.0, 0.0, 0.0, 0.0, 0.0, 0.0, 0.0, 0.0, 0.0, 0.0, 0.0, 0.0, 0.0, 0.0, 0.0, 0.0, 0.0, 0.0, 0.0, 0.0, 0.0, 0.0, 0.0, 0.0, 0.0, 0.0, 0.0, 0.0, 0.0, 0.0, 0.0, 0.0, 0.0]
percentage_change
percentage_change stationary with d=0.0 stat windows =35 out of 35 p-values = [0.0, 0.0, 0.0, 0.0, 0.0, 0.0, 0.0, 0.0, 0.0, 0.0, 0.0, 0.0, 0.0, 0.0, 0.0, 0.0, 0.0, 0.0, 0.0, 0.0, 0.0, 0.0, 0.0, 0.0, 0.0, 0.0, 0.0, 0.0, 0.0, 0.0, 0.0, 0.0, 0.0, 0.0, 0.0]
cumulative_sum
cumulative_mean
cumulative_max
